Homes:
  main:
    X: 324.7268849133812
    Y: 64.0
    Z: -1604.3482371887726
    Yaw: 1.0773598
    Pitch: 8.571028
    World: world
