Homes:
  main:
    X: 316.33617692810117
    Y: 64.0
    Z: -1585.119586438577
    Yaw: 94.0
    Pitch: 20.0
    World: world
