Homes:
  main:
    X: 335.96298585973227
    Y: 64.0
    Z: -1580.0277738277398
    Yaw: 131.61945
    Pitch: 5.5297813
    World: world
